ENDF-6 File: /g/g19/walsh23/data/evaluations/endf-7.1/neutrons/n-092_U_236.endf
Resonance Formalism: SLBW
Contributing s-wave Resonances:          64
Contributing p-wave Resonances:          64
Contributing d-wave Resonances:          64
Contributing f-wave Resonances:          64
Model Competitive Reaction Resonance Structure: T
Parameter Energy Dependence: Neutron
Faddeeva Evaluation: QUICKW
Target Relative Tolerance on Average Partial Cross Sections:  5.0000000000000001E-03
Energies:          64
             Energy [eV]               Total [b]             Elastic [b]             Capture [b]             Fission [b]         Competitive [b]
  1.5000000000000000E+03  2.2987609408180116E+01  2.0928989651509163E+01  2.0249040214740615E+00  3.3715735196861919E-02  0.0000000000000000E+00
  1.6034011525958836E+03  2.2455004446609333E+01  2.0483422640024351E+01  1.9393158471486818E+00  3.2265959436322489E-02  0.0000000000000000E+00
  1.7139301707638724E+03  2.2034610674712329E+01  2.0151184591530733E+01  1.8515608073682319E+00  3.1865275813319160E-02  0.0000000000000000E+00
  1.8320784075144354E+03  2.1671836521301277E+01  1.9872548208674360E+01  1.7699107127475229E+00  2.9377599879365814E-02  0.0000000000000000E+00
  1.9583710868364510E+03  2.1584931039663527E+01  1.9829670257444835E+01  1.7261957475346787E+00  2.9065034684048283E-02  0.0000000000000000E+00
  2.0933696385626795E+03  2.1064260982359624E+01  1.9376265628715551E+01  1.6604319435312638E+00  2.7563410112830096E-02  0.0000000000000000E+00
  2.2376741941870864E+03  2.0807682043472923E+01  1.9172357177416860E+01  1.6085522555153655E+00  2.6772610540700698E-02  0.0000000000000000E+00
  2.3919262547290932E+03  2.0582342716368412E+01  1.9014440040578894E+01  1.5423915084496016E+00  2.5511167339915781E-02  0.0000000000000000E+00
  2.5568115425046558E+03  2.0290183335584761E+01  1.8764175066238078E+01  1.5013657121202915E+00  2.4642557226401466E-02  0.0000000000000000E+00
  2.7330630494816164E+03  1.9823732865471364E+01  1.8360692846925787E+01  1.4392304121452768E+00  2.3809606400293306E-02  0.0000000000000000E+00
  2.9214642957706960E+03  1.9686740038230372E+01  1.8272555057070086E+01  1.3912681260665998E+00  2.2916855093729354E-02  0.0000000000000000E+00
  3.1228528127376376E+03  1.9398613999425052E+01  1.8028164015267269E+01  1.3486785254109932E+00  2.1771458746772301E-02  0.0000000000000000E+00
  3.3381238662205506E+03  1.9028011668692315E+01  1.7696057018477738E+01  1.3107532628239238E+00  2.1201387390643377E-02  0.0000000000000000E+00
  3.5682344364039059E+03  1.8848403803867981E+01  1.7558248761804904E+01  1.2695932403102612E+00  2.0561801752832291E-02  0.0000000000000000E+00
  3.8142074720415644E+03  1.8749678219532591E+01  1.7475968614060029E+01  1.2533434197962785E+00  2.0366185676305677E-02  0.0000000000000000E+00
  4.0771364379408510E+03  1.8466785199919510E+01  1.7243269453336421E+01  1.2043189563200993E+00  1.9196790262994264E-02  0.0000000000000000E+00
  4.3581901759233579E+03  1.8298442950130564E+01  1.7099684718922212E+01  1.1798753102070167E+00  1.8882921001345934E-02  0.0000000000000000E+00
  4.6586181008717131E+03  1.7919603418800730E+01  1.6761021984135937E+01  1.1404007674644725E+00  1.8180667200318128E-02  0.0000000000000000E+00
  4.9797557549611674E+03  1.7741099436874030E+01  1.6609419560017500E+01  1.1140530026506141E+00  1.7626874205958626E-02  0.0000000000000000E+00
  5.3230307447671476E+03  1.7573006736493014E+01  1.6470884258031372E+01  1.0850683909286527E+00  1.7054087532974792E-02  0.0000000000000000E+00
  5.6899690876419809E+03  1.7452357484946930E+01  1.6370924171801821E+01  1.0646666262796989E+00  1.6766686865374837E-02  0.0000000000000000E+00
  6.0822019955734004E+03  1.7258488372197984E+01  1.6207741559153774E+01  1.0345080951982399E+00  1.6238717845977108E-02  0.0000000000000000E+00
  6.5014731266822491E+03  1.7042646876278880E+01  1.6015930821634857E+01  1.0109541808498341E+00  1.5761873794193724E-02  0.0000000000000000E+00
  6.9496463365956561E+03  1.6880906304983650E+01  1.5877269845818571E+01  9.8843521704075232E-01  1.5201242124325850E-02  0.0000000000000000E+00
  7.4287139641541589E+03  1.6668893443103016E+01  1.5690507542855050E+01  9.6355072141413867E-01  1.4835178833802613E-02  0.0000000000000000E+00
  7.9408056882866094E+03  1.6526202558612631E+01  1.5575513787832508E+01  9.3632150213517107E-01  1.4367268644947830E-02  0.0000000000000000E+00
  8.4881979954258004E+03  1.6353108130534078E+01  1.5423599664670952E+01  9.1534885628197926E-01  1.4159609581158212E-02  0.0000000000000000E+00
  9.0733242995518667E+03  1.6217368476836672E+01  1.5308174486665544E+01  8.9542907576021002E-01  1.3764914410907844E-02  0.0000000000000000E+00
  9.6987857598518003E+03  1.6071905916846323E+01  1.5184885230687485E+01  8.7371860654638089E-01  1.3302079612463630E-02  0.0000000000000000E+00
  1.0367362844084615E+04  1.5927729782275524E+01  1.5066540256679190E+01  8.4818233001985810E-01  1.3007195576474386E-02  0.0000000000000000E+00
  1.1082027689056675E+04  1.5804837791882756E+01  1.4963293638286292E+01  8.2896120918262206E-01  1.2582944413841094E-02  0.0000000000000000E+00
  1.1845957313155308E+04  1.5700346654305363E+01  1.4883328770002979E+01  8.0494355323322786E-01  1.2074331069125409E-02  0.0000000000000000E+00
  1.2662547739676576E+04  1.5605386734510288E+01  1.4807801937407914E+01  7.8565442681246656E-01  1.1930370289926079E-02  0.0000000000000000E+00
  1.3535429093731891E+04  1.5481116616364332E+01  1.4706886424612428E+01  7.6280643822970795E-01  1.1423753522198753E-02  0.0000000000000000E+00
  1.4468481739846377E+04  1.5317594592458198E+01  1.4565410514408294E+01  7.4104033530406288E-01  1.1143742745808975E-02  0.0000000000000000E+00
  1.5465853531988123E+04  1.5276456374986065E+01  1.4544418731306243E+01  7.2124953954970483E-01  1.0788104130119850E-02  0.0000000000000000E+00
  1.6531978252712579E+04  1.5148388681785232E+01  1.4435041146770050E+01  7.0279063281339360E-01  1.0556902201781163E-02  0.0000000000000000E+00
  1.7671595323392958E+04  1.5066813061132352E+01  1.4377348437161633E+01  6.7919826376382708E-01  1.0266360206873146E-02  0.0000000000000000E+00
  1.8889770873157529E+04  1.4964820267719301E+01  1.4292726090395140E+01  6.6214341236952368E-01  9.9507649546415992E-03  0.0000000000000000E+00
  2.0191920260195300E+04  1.4832756131685768E+01  1.4185287753408110E+01  6.3791090169320808E-01  9.5574765844502942E-03  0.0000000000000000E+00
  2.1583832145547542E+04  1.4744089361793279E+01  1.4111314320452401E+01  6.2336956706037250E-01  9.4054742804987879E-03  0.0000000000000000E+00
  2.3071694226404681E+04  1.4666096498329157E+01  1.4053114154086693E+01  6.0392434311939069E-01  9.0580011230923380E-03  0.0000000000000000E+00
  2.4662120743304702E+04  1.4564075627209533E+01  1.3971085756720036E+01  5.8427765944185994E-01  8.7122110476457338E-03  0.0000000000000000E+00
  2.6362181883515746E+04  1.4496639160381083E+01  1.3923599823564789E+01  5.6457368440727174E-01  8.4656524090310440E-03  0.0000000000000000E+00
  2.8179435211314307E+04  1.4423643077173869E+01  1.3867536886662769E+01  5.4793604768066873E-01  8.1701428304405375E-03  0.0000000000000000E+00
  3.0121959264881611E+04  1.4360177589181783E+01  1.3823357829582617E+01  5.2895642572396173E-01  7.8633338752230903E-03  0.0000000000000000E+00
  3.2198389469171612E+04  1.4246687762621329E+01  1.3727907686390303E+01  5.1120655232845713E-01  7.5735239025734877E-03  0.0000000000000000E+00
  3.4417956524400623E+04  1.4179343045521836E+01  1.3677330483436252E+01  4.9466230851212295E-01  7.3502535734515815E-03  0.0000000000000000E+00
  3.6790527440812664E+04  1.4085861811054361E+01  1.3602304199221130E+01  4.7643808029958712E-01  7.1195315336486879E-03  0.0000000000000000E+00
  3.9326649402139665E+04  1.4064782845602680E+01  1.3593978187940850E+01  4.6387123473552011E-01  6.9334229263131597E-03  0.0000000000000000E+00
  4.2037596652749977E+04  1.3959765862561985E+01  1.3506153544076053E+01  4.4692072113265757E-01  6.6915973532856582E-03  0.0000000000000000E+00
  4.4935420616920128E+04  1.3924866436534607E+01  1.3483007021501040E+01  4.3533647074347487E-01  6.5229442900943220E-03  0.0000000000000000E+00
  4.8033003473033721E+04  1.3840864756250458E+01  1.3416207449172115E+01  4.1836793763254831E-01  6.2893694457848435E-03  0.0000000000000000E+00
  5.1344115420869559E+04  1.3750747413045351E+01  1.3339162112680539E+01  4.0499487267742867E-01  6.0399138040182930E-03  5.5051388336435278E-04
  5.4883475896558899E+04  1.3696591585493277E+01  1.3295534399232391E+01  3.9373975709380499E-01  5.8206942710459664E-03  1.4967348960367647E-03
  5.8666819007340615E+04  1.3618248218158126E+01  1.3228909981865895E+01  3.7972289464370668E-01  5.6076354982019291E-03  4.0077061503160320E-03
  6.2710963477002697E+04  1.3582165595755315E+01  1.3199173229906206E+01  3.6970629341344546E-01  5.3387193513109278E-03  7.9473530843539655E-03
  6.7033887412949683E+04  1.3527766444445259E+01  1.3153660332023613E+01  3.5577512862568972E-01  5.1486713240790228E-03  1.3182312471886583E-02
  7.1654808227270827E+04  1.3426840523213544E+01  1.3057693161494733E+01  3.4325615064464604E-01  4.8877380057450095E-03  2.1003473068406091E-02
  7.6594268067095341E+04  1.3365708040488649E+01  1.2999647734706395E+01  3.3081800686921775E-01  4.6814417238423721E-03  3.0560857189215529E-02
  8.1874225134012537E+04  1.3331738500959005E+01  1.2964964694069289E+01  3.1893838447091766E-01  4.4318251019075895E-03  4.3403597316889926E-02
  8.7518151298513694E+04  1.3236828300008458E+01  1.2871603343888157E+01  3.0377047401812768E-01  4.1424443860098841E-03  5.7312037716170133E-02
  9.3551136443398500E+04  1.3185561729891878E+01  1.2814029291292639E+01  2.9173391007879890E-01  3.8920335193616917E-03  7.5906495001072563E-02
  1.0000000000000003E+05  1.3118664519100509E+01  1.2740730697176497E+01  2.7832688794094090E-01  3.6648691782653732E-03  9.5942064804808880E-02
         Max 1sigma/Mean  6.0993162209131120E-03  6.2305259060188630E-03  7.0505000284870967E-03  1.2790215706250252E-02  4.8128160720088894E-03
